Vmag Vphase dBm1 dBm2 phase1 phase2 Vcc = 4.942 V Vatten = -2.9614 V
1.2374 1.1178 -56.0 -29.999999999999996 90 180
1.237 1.1173 -56.0 -29.999999999999996 93 180
1.2368 1.1168 -56.0 -29.999999999999996 96 180
1.2365 1.1161 -56.0 -29.999999999999996 99 180
1.2363 1.1151 -56.0 -29.999999999999996 102 180
1.2363 1.1136 -56.0 -29.999999999999996 105 180
1.2368 1.1121 -56.0 -29.999999999999996 108 180
1.2371 1.1102 -56.0 -29.999999999999996 111 180
1.2376 1.108 -56.0 -29.999999999999996 114 180
1.2383 1.1054 -56.0 -29.999999999999996 117 180
1.2372 1.1026 -56.0 -29.999999999999996 120 180
1.2396 1.0997 -56.0 -29.999999999999996 123 180
1.2401 1.0963 -56.0 -29.999999999999996 126 180
1.242 1.0932 -56.0 -29.999999999999996 129 180
1.2438 1.09 -56.0 -29.999999999999996 132 180
1.2456 1.0866 -56.0 -29.999999999999996 135 180
1.2472 1.0833 -56.0 -29.999999999999996 138 180
1.2642 1.0834 -56.0 -29.999999999999996 141 180
1.4756 1.0426 -56.0 -29.999999999999996 144 180
1.2605 1.0712 -56.0 -29.999999999999996 147 180
1.2592 1.0667 -56.0 -29.999999999999996 150 180
1.5011 0.9936 -56.0 -29.999999999999996 153 180
1.5093 1.0314 -56.0 -29.999999999999996 156 180
1.2776 1.0521 -56.0 -29.999999999999996 159 180
1.2789 1.0463 -56.0 -29.999999999999996 162 180
1.287 1.0398 -56.0 -29.999999999999996 165 180
1.3896 1.0207 -56.0 -29.999999999999996 168 180
1.3088 1.0243 -56.0 -29.999999999999996 171 180
1.3292 1.0113 -56.0 -29.999999999999996 174 180
1.5064 0.9207 -56.0 -29.999999999999996 177 180
1.603 0.8528 -56.0 -29.999999999999996 180 180
1.6107 0.8291 -56.0 -29.999999999999996 183 180
1.613 0.8087 -56.0 -29.999999999999996 186 180
1.614 0.7902 -56.0 -29.999999999999996 189 180
1.6133 0.7729 -56.0 -29.999999999999996 192 180
1.6129 0.7556 -56.0 -29.999999999999996 195 180
1.6133 0.7381 -56.0 -29.999999999999996 198 180
1.6133 0.7208 -56.0 -29.999999999999996 201 180
1.6138 0.7036 -56.0 -29.999999999999996 204 180
1.6148 0.6862 -56.0 -29.999999999999996 207 180
1.6149 0.6704 -56.0 -29.999999999999996 210 180
1.6149 0.6555 -56.0 -29.999999999999996 213 180
1.6139 0.6436 -56.0 -29.999999999999996 216 180
1.6128 0.6323 -56.0 -29.999999999999996 219 180
1.6105 0.6239 -56.0 -29.999999999999996 222 180
1.6083 0.6166 -56.0 -29.999999999999996 225 180
1.6054 0.6121 -56.0 -29.999999999999996 228 180
1.6017 0.6097 -56.0 -29.999999999999996 231 180
1.5979 0.6091 -56.0 -29.999999999999996 234 180
1.5944 0.6093 -56.0 -29.999999999999996 237 180
1.5907 0.6103 -56.0 -29.999999999999996 240 180
1.587 0.6126 -56.0 -29.999999999999996 243 180
1.5832 0.6158 -56.0 -29.999999999999996 246 180
1.58 0.6184 -56.0 -29.999999999999996 249 180
1.5775 0.62 -56.0 -29.999999999999996 252 180
1.5759 0.625 -56.0 -29.999999999999996 255 180
1.5736 0.6273 -56.0 -29.999999999999996 258 180
1.5724 0.6304 -56.0 -29.999999999999996 261 180
1.5719 0.6295 -56.0 -29.999999999999996 264 180
1.2615 1.0641 -56.0 -29.999999999999996 267 180
1.2405 1.1301 -55.0 -29.999999999999996 90 180
1.2405 1.1296 -55.0 -29.999999999999996 93 180
1.2388 1.1286 -55.0 -29.999999999999996 96 180
1.2267 1.1253 -55.0 -29.999999999999996 99 180
1.2275 1.1236 -55.0 -29.999999999999996 102 180
1.2321 1.1222 -55.0 -29.999999999999996 105 180
1.2275 1.1213 -55.0 -29.999999999999996 108 180
1.232 1.1188 -55.0 -29.999999999999996 111 180
1.2365 1.1163 -55.0 -29.999999999999996 114 180
1.2371 1.1137 -55.0 -29.999999999999996 117 180
1.2375 1.1103 -55.0 -29.999999999999996 120 180
1.2383 1.1067 -55.0 -29.999999999999996 123 180
1.2378 1.1036 -55.0 -29.999999999999996 126 180
1.2405 1.0997 -55.0 -29.999999999999996 129 180
1.2416 1.0958 -55.0 -29.999999999999996 132 180
1.2433 1.0921 -55.0 -29.999999999999996 135 180
1.2446 1.0881 -55.0 -29.999999999999996 138 180
1.2463 1.0842 -55.0 -29.999999999999996 141 180
1.2488 1.08 -55.0 -29.999999999999996 144 180
1.2588 1.0834 -55.0 -29.999999999999996 147 180
1.2564 1.071 -55.0 -29.999999999999996 150 180
1.2605 1.0609 -55.0 -29.999999999999996 153 180
1.268 1.0602 -55.0 -29.999999999999996 156 180
1.274 1.0539 -55.0 -29.999999999999996 159 180
1.2834 1.0467 -55.0 -29.999999999999996 162 180
1.2964 1.0383 -55.0 -29.999999999999996 165 180
1.3124 1.028 -55.0 -29.999999999999996 168 180
1.4277 0.9687 -55.0 -29.999999999999996 171 180
1.5856 0.8868 -55.0 -29.999999999999996 174 180
1.5957 0.8615 -55.0 -29.999999999999996 177 180
1.6013 0.8376 -55.0 -29.999999999999996 180 180
1.5457 0.8321 -55.0 -29.999999999999996 183 180
1.568 0.8264 -55.0 -29.999999999999996 186 180
1.5924 0.775 -55.0 -29.999999999999996 189 180
1.6031 0.7556 -55.0 -29.999999999999996 192 180
1.6 0.7437 -55.0 -29.999999999999996 195 180
1.608 0.7117 -55.0 -29.999999999999996 198 180
1.608 0.6933 -55.0 -29.999999999999996 201 180
1.6087 0.6731 -55.0 -29.999999999999996 204 180
1.6048 0.683 -55.0 -29.999999999999996 207 180
1.6074 0.6411 -55.0 -29.999999999999996 210 180
1.6062 0.6266 -55.0 -29.999999999999996 213 180
1.6044 0.615 -55.0 -29.999999999999996 216 180
1.5875 0.6048 -55.0 -29.999999999999996 219 180
1.5685 0.6303 -55.0 -29.999999999999996 222 180
1.5962 0.5907 -55.0 -29.999999999999996 225 180
1.5923 0.5881 -55.0 -29.999999999999996 228 180
1.5879 0.5868 -55.0 -29.999999999999996 231 180
1.5836 0.5881 -55.0 -29.999999999999996 234 180
1.5793 0.5894 -55.0 -29.999999999999996 237 180
1.2394 1.1047 -55.0 -29.999999999999996 240 180
1.5726 0.5928 -55.0 -29.999999999999996 243 180
1.5703 0.5954 -55.0 -29.999999999999996 246 180
1.5673 0.5992 -55.0 -29.999999999999996 249 180
1.5626 0.6031 -55.0 -29.999999999999996 252 180
1.5615 0.6078 -55.0 -29.999999999999996 255 180
1.5567 0.6138 -55.0 -29.999999999999996 258 180
1.5556 0.617 -55.0 -29.999999999999996 261 180
1.5547 0.6203 -55.0 -29.999999999999996 264 180
1.2581 1.0679 -55.0 -29.999999999999996 267 180
1.2593 1.1477 -54.00000000000001 -29.999999999999996 90 180
1.2567 1.1466 -54.00000000000001 -29.999999999999996 93 180
1.2534 1.1451 -54.00000000000001 -29.999999999999996 96 180
1.2506 1.1432 -54.00000000000001 -29.999999999999996 99 180
1.2475 1.1407 -54.00000000000001 -29.999999999999996 102 180
1.2443 1.1379 -54.00000000000001 -29.999999999999996 105 180
1.242 1.1348 -54.00000000000001 -29.999999999999996 108 180
1.2398 1.1314 -54.00000000000001 -29.999999999999996 111 180
1.2387 1.1277 -54.00000000000001 -29.999999999999996 114 180
1.2377 1.1237 -54.00000000000001 -29.999999999999996 117 180
1.2376 1.1196 -54.00000000000001 -29.999999999999996 120 180
1.2374 1.1152 -54.00000000000001 -29.999999999999996 123 180
1.2377 1.1109 -54.00000000000001 -29.999999999999996 126 180
1.2386 1.1066 -54.00000000000001 -29.999999999999996 129 180
1.2394 1.1023 -54.00000000000001 -29.999999999999996 132 180
1.2407 1.098 -54.00000000000001 -29.999999999999996 135 180
1.2419 1.0937 -54.00000000000001 -29.999999999999996 138 180
1.244 1.0893 -54.00000000000001 -29.999999999999996 141 180
1.2464 1.0849 -54.00000000000001 -29.999999999999996 144 180
1.2498 1.08 -54.00000000000001 -29.999999999999996 147 180
1.2545 1.0747 -54.00000000000001 -29.999999999999996 150 180
1.2608 1.0687 -54.00000000000001 -29.999999999999996 153 180
1.269 1.0618 -54.00000000000001 -29.999999999999996 156 180
1.2803 1.0539 -54.00000000000001 -29.999999999999996 159 180
1.2951 1.0447 -54.00000000000001 -29.999999999999996 162 180
1.3544 1.0175 -54.00000000000001 -29.999999999999996 165 180
1.56 0.9282 -54.00000000000001 -29.999999999999996 168 180
1.574 0.9021 -54.00000000000001 -29.999999999999996 171 180
1.5808 0.8773 -54.00000000000001 -29.999999999999996 174 180
1.5862 0.8526 -54.00000000000001 -29.999999999999996 177 180
1.5904 0.8276 -54.00000000000001 -29.999999999999996 180 180
1.5928 0.8034 -54.00000000000001 -29.999999999999996 183 180
1.5946 0.7797 -54.00000000000001 -29.999999999999996 186 180
1.5958 0.7565 -54.00000000000001 -29.999999999999996 189 180
1.2622 1.1465 -54.00000000000001 -29.999999999999996 192 180
1.5979 0.7105 -54.00000000000001 -29.999999999999996 195 180
1.5981 0.6896 -54.00000000000001 -29.999999999999996 198 180
1.5983 0.6677 -54.00000000000001 -29.999999999999996 201 180
1.5973 0.6487 -54.00000000000001 -29.999999999999996 204 180
1.5933 0.6442 -54.00000000000001 -29.999999999999996 207 180
1.5959 0.6129 -54.00000000000001 -29.999999999999996 210 180
1.5952 0.5976 -54.00000000000001 -29.999999999999996 213 180
1.5762 0.5997 -54.00000000000001 -29.999999999999996 216 180
1.59 0.5761 -54.00000000000001 -29.999999999999996 219 180
1.5868 0.5686 -54.00000000000001 -29.999999999999996 222 180
1.5833 0.5634 -54.00000000000001 -29.999999999999996 225 180
1.5788 0.5617 -54.00000000000001 -29.999999999999996 228 180
1.5676 0.5633 -54.00000000000001 -29.999999999999996 231 180
1.5711 0.5583 -54.00000000000001 -29.999999999999996 234 180
1.5609 0.5663 -54.00000000000001 -29.999999999999996 237 180
1.5455 0.5625 -54.00000000000001 -29.999999999999996 240 180
1.5502 0.5692 -54.00000000000001 -29.999999999999996 243 180
1.5534 0.566 -54.00000000000001 -29.999999999999996 246 180
1.5591 0.5569 -54.00000000000001 -29.999999999999996 249 180
1.5571 0.5649 -54.00000000000001 -29.999999999999996 252 180
1.5535 0.5485 -54.00000000000001 -29.999999999999996 255 180
1.5504 0.5829 -54.00000000000001 -29.999999999999996 258 180
1.546 0.5466 -54.00000000000001 -29.999999999999996 261 180
1.5429 0.593 -54.00000000000001 -29.999999999999996 264 180
1.54 0.5458 -54.00000000000001 -29.999999999999996 267 180
1.2158 1.1648 -52.99999999999999 -29.999999999999996 90 180
1.2712 1.1645 -52.99999999999999 -29.999999999999996 93 180
1.2632 1.1606 -52.99999999999999 -29.999999999999996 96 180
1.2248 1.1542 -52.99999999999999 -29.999999999999996 99 180
1.2177 1.1451 -52.99999999999999 -29.999999999999996 102 180
1.2176 1.1479 -52.99999999999999 -29.999999999999996 105 180
1.2194 1.1363 -52.99999999999999 -29.999999999999996 108 180
1.2374 1.1379 -52.99999999999999 -29.999999999999996 111 180
1.2282 1.1355 -52.99999999999999 -29.999999999999996 114 180
1.2281 1.1311 -52.99999999999999 -29.999999999999996 117 180
1.2358 1.1279 -52.99999999999999 -29.999999999999996 120 180
1.2343 1.1239 -52.99999999999999 -29.999999999999996 123 180
1.2351 1.1189 -52.99999999999999 -29.999999999999996 126 180
1.2295 1.1126 -52.99999999999999 -29.999999999999996 129 180
1.2366 1.0978 -52.99999999999999 -29.999999999999996 132 180
1.2348 1.1045 -52.99999999999999 -29.999999999999996 135 180
1.2389 1.0996 -52.99999999999999 -29.999999999999996 138 180
1.2401 1.0955 -52.99999999999999 -29.999999999999996 141 180
1.2435 1.0901 -52.99999999999999 -29.999999999999996 144 180
1.2483 1.0843 -52.99999999999999 -29.999999999999996 147 180
1.2545 1.0778 -52.99999999999999 -29.999999999999996 150 180
1.2631 1.0707 -52.99999999999999 -29.999999999999996 153 180
1.2756 1.0619 -52.99999999999999 -29.999999999999996 156 180
1.3001 1.0502 -52.99999999999999 -29.999999999999996 159 180
1.2673 1.139 -52.99999999999999 -29.999999999999996 162 180
1.5499 0.9452 -52.99999999999999 -29.999999999999996 165 180
1.5582 0.9206 -52.99999999999999 -29.999999999999996 168 180
1.5636 0.8963 -52.99999999999999 -29.999999999999996 171 180
1.5686 0.8709 -52.99999999999999 -29.999999999999996 174 180
1.5723 0.8451 -52.99999999999999 -29.999999999999996 177 180
1.5753 0.8193 -52.99999999999999 -29.999999999999996 180 180
1.5786 0.7922 -52.99999999999999 -29.999999999999996 183 180
1.5816 0.7654 -52.99999999999999 -29.999999999999996 186 180
1.5833 0.74 -52.99999999999999 -29.999999999999996 189 180
1.5849 0.7139 -52.99999999999999 -29.999999999999996 192 180
1.5857 0.6891 -52.99999999999999 -29.999999999999996 195 180
1.5864 0.6646 -52.99999999999999 -29.999999999999996 198 180
1.5869 0.6407 -52.99999999999999 -29.999999999999996 201 180
1.5872 0.6176 -52.99999999999999 -29.999999999999996 204 180
1.5868 0.5972 -52.99999999999999 -29.999999999999996 207 180
1.5855 0.5793 -52.99999999999999 -29.999999999999996 210 180
1.5841 0.5626 -52.99999999999999 -29.999999999999996 213 180
1.5815 0.5506 -52.99999999999999 -29.999999999999996 216 180
1.5787 0.5397 -52.99999999999999 -29.999999999999996 219 180
1.5752 0.5335 -52.99999999999999 -29.999999999999996 222 180
1.5714 0.5288 -52.99999999999999 -29.999999999999996 225 180
1.5683 0.5252 -52.99999999999999 -29.999999999999996 228 180
1.5638 0.5225 -52.99999999999999 -29.999999999999996 231 180
1.5593 0.5264 -52.99999999999999 -29.999999999999996 234 180
1.5387 0.5291 -52.99999999999999 -29.999999999999996 237 180
1.2333 1.1202 -52.99999999999999 -29.999999999999996 240 180
1.5276 0.5675 -52.99999999999999 -29.999999999999996 243 180
1.5372 0.5263 -52.99999999999999 -29.999999999999996 246 180
1.5449 0.5362 -52.99999999999999 -29.999999999999996 249 180
1.5443 0.5391 -52.99999999999999 -29.999999999999996 252 180
1.5385 0.5515 -52.99999999999999 -29.999999999999996 255 180
1.5257 0.5227 -52.99999999999999 -29.999999999999996 258 180
1.5363 0.5606 -52.99999999999999 -29.999999999999996 261 180
1.5437 0.547 -52.99999999999999 -29.999999999999996 264 180
1.5154 0.5096 -52.99999999999999 -29.999999999999996 267 180
1.2446 1.1593 -51.99999999999999 -29.999999999999996 90 180
1.2225 1.1761 -51.99999999999999 -29.999999999999996 93 180
1.3368 1.1786 -51.99999999999999 -29.999999999999996 96 180
1.2119 1.1801 -51.99999999999999 -29.999999999999996 99 180
1.3273 1.1752 -51.99999999999999 -29.999999999999996 102 180
1.2613 1.171 -51.99999999999999 -29.999999999999996 105 180
1.2557 1.1666 -51.99999999999999 -29.999999999999996 108 180
1.2477 1.1601 -51.99999999999999 -29.999999999999996 111 180
1.242 1.154 -51.99999999999999 -29.999999999999996 114 180
1.2365 1.1471 -51.99999999999999 -29.999999999999996 117 180
1.2331 1.1402 -51.99999999999999 -29.999999999999996 120 180
1.2318 1.1339 -51.99999999999999 -29.999999999999996 123 180
1.2311 1.1279 -51.99999999999999 -29.999999999999996 126 180
1.2616 1.0833 -51.99999999999999 -29.999999999999996 129 180
1.2322 1.1167 -51.99999999999999 -29.999999999999996 132 180
1.2327 1.1114 -51.99999999999999 -29.999999999999996 135 180
1.2346 1.1062 -51.99999999999999 -29.999999999999996 138 180
1.2375 1.1007 -51.99999999999999 -29.999999999999996 141 180
1.2413 1.095 -51.99999999999999 -29.999999999999996 144 180
1.247 1.0884 -51.99999999999999 -29.999999999999996 147 180
1.2555 1.0807 -51.99999999999999 -29.999999999999996 150 180
1.2684 1.0716 -51.99999999999999 -29.999999999999996 153 180
1.3922 1.0363 -51.99999999999999 -29.999999999999996 156 180
1.5262 0.9899 -51.99999999999999 -29.999999999999996 159 180
1.5346 0.9662 -51.99999999999999 -29.999999999999996 162 180
1.5395 0.9423 -51.99999999999999 -29.999999999999996 165 180
1.5434 0.9178 -51.99999999999999 -29.999999999999996 168 180
1.5473 0.8925 -51.99999999999999 -29.999999999999996 171 180
1.552 0.8656 -51.99999999999999 -29.999999999999996 174 180
1.5554 0.8384 -51.99999999999999 -29.999999999999996 177 180
1.5592 0.8103 -51.99999999999999 -29.999999999999996 180 180
1.5624 0.7819 -51.99999999999999 -29.999999999999996 183 180
1.5655 0.7528 -51.99999999999999 -29.999999999999996 186 180
1.5678 0.7241 -51.99999999999999 -29.999999999999996 189 180
1.5698 0.6955 -51.99999999999999 -29.999999999999996 192 180
1.571 0.6676 -51.99999999999999 -29.999999999999996 195 180
1.5723 0.6398 -51.99999999999999 -29.999999999999996 198 180
1.5733 0.6121 -51.99999999999999 -29.999999999999996 201 180
1.5739 0.5859 -51.99999999999999 -29.999999999999996 204 180
1.5734 0.5635 -51.99999999999999 -29.999999999999996 207 180
1.573 0.5412 -51.99999999999999 -29.999999999999996 210 180
1.5717 0.523 -51.99999999999999 -29.999999999999996 213 180
1.5698 0.5072 -51.99999999999999 -29.999999999999996 216 180
1.5672 0.4963 -51.99999999999999 -29.999999999999996 219 180
1.5642 0.4873 -51.99999999999999 -29.999999999999996 222 180
1.5604 0.4839 -51.99999999999999 -29.999999999999996 225 180
1.5564 0.4826 -51.99999999999999 -29.999999999999996 228 180
1.5522 0.4833 -51.99999999999999 -29.999999999999996 231 180
1.5481 0.4849 -51.99999999999999 -29.999999999999996 234 180
1.5444 0.4871 -51.99999999999999 -29.999999999999996 237 180
1.5409 0.4894 -51.99999999999999 -29.999999999999996 240 180
1.5378 0.4919 -51.99999999999999 -29.999999999999996 243 180
1.5346 0.4953 -51.99999999999999 -29.999999999999996 246 180
1.5315 0.5004 -51.99999999999999 -29.999999999999996 249 180
1.5285 0.5061 -51.99999999999999 -29.999999999999996 252 180
1.5257 0.5128 -51.99999999999999 -29.999999999999996 255 180
1.5231 0.5194 -51.99999999999999 -29.999999999999996 258 180
1.5214 0.5234 -51.99999999999999 -29.999999999999996 261 180
1.5199 0.5321 -51.99999999999999 -29.999999999999996 264 180
1.5193 0.5363 -51.99999999999999 -29.999999999999996 267 180
1.2744 1.2009 -50.99999999999999 -29.999999999999996 90 180
1.2729 1.1984 -50.99999999999999 -29.999999999999996 93 180
1.2723 1.1974 -50.99999999999999 -29.999999999999996 96 180
1.2696 1.195 -50.99999999999999 -29.999999999999996 99 180
1.266 1.1922 -50.99999999999999 -29.999999999999996 102 180
1.26 1.1879 -50.99999999999999 -29.999999999999996 105 180
1.2518 1.1817 -50.99999999999999 -29.999999999999996 108 180
1.2399 1.1719 -50.99999999999999 -29.999999999999996 111 180
1.2343 1.1656 -50.99999999999999 -29.999999999999996 114 180
1.2276 1.1575 -50.99999999999999 -29.999999999999996 117 180
1.2228 1.1494 -50.99999999999999 -29.999999999999996 120 180
1.2222 1.143 -50.99999999999999 -29.999999999999996 123 180
1.2219 1.1364 -50.99999999999999 -29.999999999999996 126 180
1.2243 1.1306 -50.99999999999999 -29.999999999999996 129 180
1.226 1.1249 -50.99999999999999 -29.999999999999996 132 180
1.2264 1.1193 -50.99999999999999 -29.999999999999996 135 180
1.2287 1.1138 -50.99999999999999 -29.999999999999996 138 180
1.2323 1.1082 -50.99999999999999 -29.999999999999996 141 180
1.3803 1.0652 -50.99999999999999 -29.999999999999996 144 180
1.2469 1.092 -50.99999999999999 -29.999999999999996 147 180
1.2591 1.0827 -50.99999999999999 -29.999999999999996 150 180
1.4801 1.0361 -50.99999999999999 -29.999999999999996 153 180
1.51 1.0137 -50.99999999999999 -29.999999999999996 156 180
1.5159 0.99 -50.99999999999999 -29.999999999999996 159 180
1.5193 0.9658 -50.99999999999999 -29.999999999999996 162 180
1.5219 0.9412 -50.99999999999999 -29.999999999999996 165 180
1.5253 0.9158 -50.99999999999999 -29.999999999999996 168 180
1.5287 0.8893 -50.99999999999999 -29.999999999999996 171 180
1.5328 0.8613 -50.99999999999999 -29.999999999999996 174 180
1.5368 0.8325 -50.99999999999999 -29.999999999999996 177 180
1.5413 0.8017 -50.99999999999999 -29.999999999999996 180 180
1.5447 0.7711 -50.99999999999999 -29.999999999999996 183 180
1.5481 0.7397 -50.99999999999999 -29.999999999999996 186 180
1.5504 0.7087 -50.99999999999999 -29.999999999999996 189 180
1.5528 0.6764 -50.99999999999999 -29.999999999999996 192 180
1.5543 0.6457 -50.99999999999999 -29.999999999999996 195 180
1.5556 0.6147 -50.99999999999999 -29.999999999999996 198 180
1.5567 0.5844 -50.99999999999999 -29.999999999999996 201 180
1.5571 0.5551 -50.99999999999999 -29.999999999999996 204 180
1.5575 0.5273 -50.99999999999999 -29.999999999999996 207 180
1.558 0.499 -50.99999999999999 -29.999999999999996 210 180
1.557 0.4771 -50.99999999999999 -29.999999999999996 213 180
1.5562 0.4566 -50.99999999999999 -29.999999999999996 216 180
1.5547 0.4396 -50.99999999999999 -29.999999999999996 219 180
1.5528 0.427 -50.99999999999999 -29.999999999999996 222 180
1.5498 0.4213 -50.99999999999999 -29.999999999999996 225 180
1.5457 0.4226 -50.99999999999999 -29.999999999999996 228 180
1.5417 0.4253 -50.99999999999999 -29.999999999999996 231 180
1.5378 0.4286 -50.99999999999999 -29.999999999999996 234 180
1.5338 0.4334 -50.99999999999999 -29.999999999999996 237 180
1.5304 0.4368 -50.99999999999999 -29.999999999999996 240 180
1.5274 0.4395 -50.99999999999999 -29.999999999999996 243 180
1.5244 0.4428 -50.99999999999999 -29.999999999999996 246 180
1.5214 0.4476 -50.99999999999999 -29.999999999999996 249 180
1.5182 0.4545 -50.99999999999999 -29.999999999999996 252 180
1.5152 0.463 -50.99999999999999 -29.999999999999996 255 180
1.513 0.4701 -50.99999999999999 -29.999999999999996 258 180
1.5116 0.4758 -50.99999999999999 -29.999999999999996 261 180
1.5116 0.4779 -50.99999999999999 -29.999999999999996 264 180
1.512 0.4795 -50.99999999999999 -29.999999999999996 267 180
1.2626 1.2201 -50.0 -29.999999999999996 90 180
1.261 1.2174 -50.0 -29.999999999999996 93 180
1.2588 1.2145 -50.0 -29.999999999999996 96 180
1.2564 1.2111 -50.0 -29.999999999999996 99 180
1.253 1.2074 -50.0 -29.999999999999996 102 180
1.2474 1.2022 -50.0 -29.999999999999996 105 180
1.2392 1.1947 -50.0 -29.999999999999996 108 180
1.2303 1.1859 -50.0 -29.999999999999996 111 180
1.2223 1.1768 -50.0 -29.999999999999996 114 180
1.2179 1.1686 -50.0 -29.999999999999996 117 180
1.2163 1.1612 -50.0 -29.999999999999996 120 180
1.2161 1.1538 -50.0 -29.999999999999996 123 180
1.2164 1.1469 -50.0 -29.999999999999996 126 180
1.2174 1.1403 -50.0 -29.999999999999996 129 180
1.2189 1.1339 -50.0 -29.999999999999996 132 180
1.2212 1.1273 -50.0 -29.999999999999996 135 180
1.2247 1.1205 -50.0 -29.999999999999996 138 180
1.2297 1.1129 -50.0 -29.999999999999996 141 180
1.2368 1.1048 -50.0 -29.999999999999996 144 180
1.2476 1.0957 -50.0 -29.999999999999996 147 180
1.4907 1.0635 -50.0 -29.999999999999996 150 180
1.4942 1.04 -50.0 -29.999999999999996 153 180
1.4961 1.0158 -50.0 -29.999999999999996 156 180
1.497 0.9914 -50.0 -29.999999999999996 159 180
1.4995 0.9665 -50.0 -29.999999999999996 162 180
1.5009 0.9413 -50.0 -29.999999999999996 165 180
1.5042 0.9146 -50.0 -29.999999999999996 168 180
1.5078 0.8869 -50.0 -29.999999999999996 171 180
1.5127 0.857 -50.0 -29.999999999999996 174 180
1.5173 0.8261 -50.0 -29.999999999999996 177 180
1.5211 0.7942 -50.0 -29.999999999999996 180 180
1.5242 0.7623 -50.0 -29.999999999999996 183 180
1.5284 0.7271 -50.0 -29.999999999999996 186 180
1.5305 0.6942 -50.0 -29.999999999999996 189 180
1.5323 0.6611 -50.0 -29.999999999999996 192 180
1.5336 0.6281 -50.0 -29.999999999999996 195 180
1.5343 0.5959 -50.0 -29.999999999999996 198 180
1.535 0.5633 -50.0 -29.999999999999996 201 180
1.5354 0.5318 -50.0 -29.999999999999996 204 180
1.5357 0.5013 -50.0 -29.999999999999996 207 180
1.5358 0.4718 -50.0 -29.999999999999996 210 180
1.5357 0.4438 -50.0 -29.999999999999996 213 180
1.5355 0.4176 -50.0 -29.999999999999996 216 180
1.5352 0.3936 -50.0 -29.999999999999996 219 180
1.535 0.3728 -50.0 -29.999999999999996 222 180
1.5336 0.3567 -50.0 -29.999999999999996 225 180
1.5323 0.3458 -50.0 -29.999999999999996 228 180
1.5302 0.3422 -50.0 -29.999999999999996 231 180
1.5265 0.3509 -50.0 -29.999999999999996 234 180
1.5226 0.3603 -50.0 -29.999999999999996 237 180
1.519 0.3675 -50.0 -29.999999999999996 240 180
1.5159 0.3721 -50.0 -29.999999999999996 243 180
1.5127 0.3768 -50.0 -29.999999999999996 246 180
1.509 0.3845 -50.0 -29.999999999999996 249 180
1.5055 0.3944 -50.0 -29.999999999999996 252 180
1.5025 0.4037 -50.0 -29.999999999999996 255 180
1.5007 0.4106 -50.0 -29.999999999999996 258 180
1.5012 0.4091 -50.0 -29.999999999999996 261 180
1.4885 1.073 -50.0 -29.999999999999996 264 180
1.5055 0.397 -50.0 -29.999999999999996 267 180
1.2481 1.2378 -49.0 -29.999999999999996 90 180
1.2453 1.235 -49.0 -29.999999999999996 93 180
1.2414 1.2309 -49.0 -29.999999999999996 96 180
1.2372 1.2261 -49.0 -29.999999999999996 99 180
1.232 1.2202 -49.0 -29.999999999999996 102 180
1.2261 1.2133 -49.0 -29.999999999999996 105 180
1.2189 1.2048 -49.0 -29.999999999999996 108 180
1.2121 1.1962 -49.0 -29.999999999999996 111 180
1.2075 1.1883 -49.0 -29.999999999999996 114 180
1.2056 1.1804 -49.0 -29.999999999999996 117 180
1.2053 1.1728 -49.0 -29.999999999999996 120 180
1.2059 1.1652 -49.0 -29.999999999999996 123 180
1.207 1.1578 -49.0 -29.999999999999996 126 180
1.2089 1.1507 -49.0 -29.999999999999996 129 180
1.2112 1.1435 -49.0 -29.999999999999996 132 180
1.2148 1.1358 -49.0 -29.999999999999996 135 180
1.2196 1.1278 -49.0 -29.999999999999996 138 180
1.2262 1.1195 -49.0 -29.999999999999996 141 180
1.4692 1.117 -49.0 -29.999999999999996 144 180
1.4717 1.0932 -49.0 -29.999999999999996 147 180
1.4723 1.0684 -49.0 -29.999999999999996 150 180
1.4727 1.0436 -49.0 -29.999999999999996 153 180
1.4734 1.0186 -49.0 -29.999999999999996 156 180
1.4745 0.9935 -49.0 -29.999999999999996 159 180
1.4755 0.9683 -49.0 -29.999999999999996 162 180
1.4775 0.9422 -49.0 -29.999999999999996 165 180
1.4806 0.9148 -49.0 -29.999999999999996 168 180
1.4858 0.8846 -49.0 -29.999999999999996 171 180
1.4905 0.8537 -49.0 -29.999999999999996 174 180
1.4953 0.8207 -49.0 -29.999999999999996 177 180
1.4992 0.7871 -49.0 -29.999999999999996 180 180
1.5027 0.7528 -49.0 -29.999999999999996 183 180
1.5052 0.7184 -49.0 -29.999999999999996 186 180
1.5071 0.684 -49.0 -29.999999999999996 189 180
1.2564 1.2425 -49.0 -29.999999999999996 192 180
1.5086 0.617 -49.0 -29.999999999999996 195 180
1.5091 0.5837 -49.0 -29.999999999999996 198 180
1.5094 0.5509 -49.0 -29.999999999999996 201 180
1.5096 0.5185 -49.0 -29.999999999999996 204 180
1.5096 0.4872 -49.0 -29.999999999999996 207 180
1.5096 0.4559 -49.0 -29.999999999999996 210 180
1.5095 0.4253 -49.0 -29.999999999999996 213 180
1.5095 0.396 -49.0 -29.999999999999996 216 180
1.5095 0.3674 -49.0 -29.999999999999996 219 180
1.5094 0.3414 -49.0 -29.999999999999996 222 180
1.5094 0.3175 -49.0 -29.999999999999996 225 180
1.5089 0.299 -49.0 -29.999999999999996 228 180
1.5085 0.2849 -49.0 -29.999999999999996 231 180
1.5075 0.2819 -49.0 -29.999999999999996 234 180
1.5056 0.287 -49.0 -29.999999999999996 237 180
1.5035 0.2907 -49.0 -29.999999999999996 240 180
1.5013 0.2928 -49.0 -29.999999999999996 243 180
1.4985 0.2954 -49.0 -29.999999999999996 246 180
1.4953 0.3038 -49.0 -29.999999999999996 249 180
1.4919 0.314 -49.0 -29.999999999999996 252 180
1.4889 0.324 -49.0 -29.999999999999996 255 180
1.4878 0.3271 -49.0 -29.999999999999996 258 180
1.489 0.3206 -49.0 -29.999999999999996 261 180
1.4925 0.301 -49.0 -29.999999999999996 264 180
1.4966 0.285 -49.0 -29.999999999999996 267 180
1.2335 1.2539 -47.999999999999986 -29.999999999999996 90 180
1.2292 1.2501 -47.999999999999986 -29.999999999999996 93 180
1.2241 1.2452 -47.999999999999986 -29.999999999999996 96 180
1.2186 1.2393 -47.999999999999986 -29.999999999999996 99 180
1.2122 1.232 -47.999999999999986 -29.999999999999996 102 180
1.2055 1.2237 -47.999999999999986 -29.999999999999996 105 180
1.2003 1.2155 -47.999999999999986 -29.999999999999996 108 180
1.1967 1.2085 -47.999999999999986 -29.999999999999996 111 180
1.195 1.2007 -47.999999999999986 -29.999999999999996 114 180
1.1953 1.1926 -47.999999999999986 -29.999999999999996 117 180
1.1958 1.1847 -47.999999999999986 -29.999999999999996 120 180
1.1974 1.1767 -47.999999999999986 -29.999999999999996 123 180
1.1993 1.1689 -47.999999999999986 -29.999999999999996 126 180
1.202 1.1612 -47.999999999999986 -29.999999999999996 129 180
1.205 1.1532 -47.999999999999986 -29.999999999999996 132 180
1.2091 1.1452 -47.999999999999986 -29.999999999999996 135 180
1.4479 1.1742 -47.999999999999986 -29.999999999999996 138 180
1.4494 1.1496 -47.999999999999986 -29.999999999999996 141 180
1.4494 1.124 -47.999999999999986 -29.999999999999996 144 180
1.4488 1.0986 -47.999999999999986 -29.999999999999996 147 180
1.4487 1.073 -47.999999999999986 -29.999999999999996 150 180
1.4484 1.0475 -47.999999999999986 -29.999999999999996 153 180
1.4488 1.0222 -47.999999999999986 -29.999999999999996 156 180
1.4491 0.9965 -47.999999999999986 -29.999999999999996 159 180
1.4502 0.9706 -47.999999999999986 -29.999999999999996 162 180
1.4522 0.9439 -47.999999999999986 -29.999999999999996 165 180
1.4558 0.9158 -47.999999999999986 -29.999999999999996 168 180
1.459 0.8865 -47.999999999999986 -29.999999999999996 171 180
1.4648 0.8533 -47.999999999999986 -29.999999999999996 174 180
1.4701 0.8195 -47.999999999999986 -29.999999999999996 177 180
1.4729 0.783 -47.999999999999986 -29.999999999999996 180 180
1.4776 0.748 -47.999999999999986 -29.999999999999996 183 180
1.4794 0.7136 -47.999999999999986 -29.999999999999996 186 180
1.4805 0.6793 -47.999999999999986 -29.999999999999996 189 180
1.481 0.6456 -47.999999999999986 -29.999999999999996 192 180
1.4812 0.6125 -47.999999999999986 -29.999999999999996 195 180
1.4813 0.5792 -47.999999999999986 -29.999999999999996 198 180
1.4814 0.5464 -47.999999999999986 -29.999999999999996 201 180
1.4814 0.5141 -47.999999999999986 -29.999999999999996 204 180
1.4815 0.4822 -47.999999999999986 -29.999999999999996 207 180
1.2237 1.2468 -47.999999999999986 -29.999999999999996 210 180
1.4812 0.4187 -47.999999999999986 -29.999999999999996 213 180
1.4811 0.3876 -47.999999999999986 -29.999999999999996 216 180
1.4812 0.3573 -47.999999999999986 -29.999999999999996 219 180
1.481 0.3283 -47.999999999999986 -29.999999999999996 222 180
1.4811 0.3014 -47.999999999999986 -29.999999999999996 225 180
1.4813 0.2766 -47.999999999999986 -29.999999999999996 228 180
1.4813 0.2708 -47.999999999999986 -29.999999999999996 231 180
1.4813 0.2453 -47.999999999999986 -29.999999999999996 234 180
1.4811 0.2418 -47.999999999999986 -29.999999999999996 237 180
1.4804 0.2377 -47.999999999999986 -29.999999999999996 240 180
1.4793 0.2328 -47.999999999999986 -29.999999999999996 243 180
1.4777 0.2332 -47.999999999999986 -29.999999999999996 246 180
1.4758 0.2289 -47.999999999999986 -29.999999999999996 249 180
1.4739 0.2394 -47.999999999999986 -29.999999999999996 252 180
1.4718 0.2408 -47.999999999999986 -29.999999999999996 255 180
1.4723 0.2325 -47.999999999999986 -29.999999999999996 258 180
1.4738 0.2155 -47.999999999999986 -29.999999999999996 261 180
1.476 0.2006 -47.999999999999986 -29.999999999999996 264 180
1.4778 0.1938 -47.999999999999986 -29.999999999999996 267 180
1.2124 1.2666 -47.0 -29.999999999999996 90 180
1.207 1.2612 -47.0 -29.999999999999996 93 180
1.2015 1.2551 -47.0 -29.999999999999996 96 180
1.1966 1.2487 -47.0 -29.999999999999996 99 180
1.1924 1.242 -47.0 -29.999999999999996 102 180
1.1895 1.2349 -47.0 -29.999999999999996 105 180
1.1878 1.2277 -47.0 -29.999999999999996 108 180
1.1875 1.2205 -47.0 -29.999999999999996 111 180
1.1879 1.2122 -47.0 -29.999999999999996 114 180
1.189 1.2037 -47.0 -29.999999999999996 117 180
1.1907 1.195 -47.0 -29.999999999999996 120 180
1.1922 1.187 -47.0 -29.999999999999996 123 180
1.1946 1.1799 -47.0 -29.999999999999996 126 180
1.1985 1.1723 -47.0 -29.999999999999996 129 180
1.4262 1.2336 -47.0 -29.999999999999996 132 180
1.4259 1.2077 -47.0 -29.999999999999996 135 180
1.4256 1.1818 -47.0 -29.999999999999996 138 180
1.4247 1.1554 -47.0 -29.999999999999996 141 180
1.4243 1.1294 -47.0 -29.999999999999996 144 180
1.4238 1.1031 -47.0 -29.999999999999996 147 180
1.4212 1.077 -47.0 -29.999999999999996 150 180
1.4225 1.0509 -47.0 -29.999999999999996 153 180
1.422 1.0252 -47.0 -29.999999999999996 156 180
1.4227 0.9992 -47.0 -29.999999999999996 159 180
1.422 0.9736 -47.0 -29.999999999999996 162 180
1.4245 0.9465 -47.0 -29.999999999999996 165 180
1.428 0.9175 -47.0 -29.999999999999996 168 180
1.433 0.8855 -47.0 -29.999999999999996 171 180
1.4401 0.85 -47.0 -29.999999999999996 174 180
1.4459 0.813 -47.0 -29.999999999999996 177 180
1.4491 0.7774 -47.0 -29.999999999999996 180 180
1.4509 0.7426 -47.0 -29.999999999999996 183 180
1.4516 0.7089 -47.0 -29.999999999999996 186 180
1.2278 1.2769 -47.0 -29.999999999999996 189 180
1.4521 0.6425 -47.0 -29.999999999999996 192 180
1.452 0.6098 -47.0 -29.999999999999996 195 180
1.4521 0.5768 -47.0 -29.999999999999996 198 180
1.4521 0.5444 -47.0 -29.999999999999996 201 180
1.4521 0.5121 -47.0 -29.999999999999996 204 180
1.452 0.4801 -47.0 -29.999999999999996 207 180
1.452 0.4477 -47.0 -29.999999999999996 210 180
1.4519 0.4159 -47.0 -29.999999999999996 213 180
1.4519 0.3844 -47.0 -29.999999999999996 216 180
1.4518 0.353 -47.0 -29.999999999999996 219 180
1.4518 0.3228 -47.0 -29.999999999999996 222 180
1.4519 0.2959 -47.0 -29.999999999999996 225 180
1.4519 0.2664 -47.0 -29.999999999999996 228 180
1.1887 1.2072 -47.0 -29.999999999999996 231 180
1.4524 0.2268 -47.0 -29.999999999999996 234 180
1.4528 0.2181 -47.0 -29.999999999999996 237 180
1.4523 0.2083 -47.0 -29.999999999999996 240 180
1.4514 0.1979 -47.0 -29.999999999999996 243 180
1.4503 0.1896 -47.0 -29.999999999999996 246 180
1.4493 0.1854 -47.0 -29.999999999999996 249 180
1.4484 0.1851 -47.0 -29.999999999999996 252 180
1.4479 0.1872 -47.0 -29.999999999999996 255 180
1.448 0.1732 -47.0 -29.999999999999996 258 180
1.4489 0.1575 -47.0 -29.999999999999996 261 180
1.4501 0.1447 -47.0 -29.999999999999996 264 180
1.4509 0.1447 -47.0 -29.999999999999996 267 180
1.1922 1.2765 -45.99999999999999 -29.999999999999996 90 180
1.19 1.2719 -45.99999999999999 -29.999999999999996 93 180
1.1882 1.2663 -45.99999999999999 -29.999999999999996 96 180
1.1868 1.2599 -45.99999999999999 -29.999999999999996 99 180
1.1863 1.253 -45.99999999999999 -29.999999999999996 102 180
1.1859 1.2455 -45.99999999999999 -29.999999999999996 105 180
1.1865 1.2375 -45.99999999999999 -29.999999999999996 108 180
1.1874 1.2292 -45.99999999999999 -29.999999999999996 111 180
1.1887 1.2203 -45.99999999999999 -29.999999999999996 114 180
1.1902 1.2112 -45.99999999999999 -29.999999999999996 117 180
1.1909 1.2032 -45.99999999999999 -29.999999999999996 120 180
1.4028 1.32 -45.99999999999999 -29.999999999999996 123 180
1.4026 1.2946 -45.99999999999999 -29.999999999999996 126 180
1.4021 1.2682 -45.99999999999999 -29.999999999999996 129 180
1.4011 1.2413 -45.99999999999999 -29.999999999999996 132 180
1.3998 1.2138 -45.99999999999999 -29.999999999999996 135 180
1.3988 1.187 -45.99999999999999 -29.999999999999996 138 180
1.3976 1.1599 -45.99999999999999 -29.999999999999996 141 180
1.3963 1.133 -45.99999999999999 -29.999999999999996 144 180
1.3952 1.1065 -45.99999999999999 -29.999999999999996 147 180
1.3945 1.0802 -45.99999999999999 -29.999999999999996 150 180
1.3934 1.0541 -45.99999999999999 -29.999999999999996 153 180
1.3932 1.0284 -45.99999999999999 -29.999999999999996 156 180
1.3932 1.0025 -45.99999999999999 -29.999999999999996 159 180
1.3937 0.9764 -45.99999999999999 -29.999999999999996 162 180
1.3953 0.9495 -45.99999999999999 -29.999999999999996 165 180
1.3981 0.9208 -45.99999999999999 -29.999999999999996 168 180
1.4038 0.888 -45.99999999999999 -29.999999999999996 171 180
1.4121 0.8496 -45.99999999999999 -29.999999999999996 174 180
1.4188 0.8098 -45.99999999999999 -29.999999999999996 177 180
1.4212 0.7743 -45.99999999999999 -29.999999999999996 180 180
1.4221 0.7404 -45.99999999999999 -29.999999999999996 183 180
1.4224 0.7068 -45.99999999999999 -29.999999999999996 186 180
1.4225 0.674 -45.99999999999999 -29.999999999999996 189 180
1.4225 0.6413 -45.99999999999999 -29.999999999999996 192 180
1.4224 0.6088 -45.99999999999999 -29.999999999999996 195 180
1.4224 0.5761 -45.99999999999999 -29.999999999999996 198 180
1.4226 0.5438 -45.99999999999999 -29.999999999999996 201 180
1.4224 0.5117 -45.99999999999999 -29.999999999999996 204 180
1.4224 0.4794 -45.99999999999999 -29.999999999999996 207 180
1.4224 0.447 -45.99999999999999 -29.999999999999996 210 180
1.4222 0.4151 -45.99999999999999 -29.999999999999996 213 180
1.4221 0.383 -45.99999999999999 -29.999999999999996 216 180
1.4221 0.3513 -45.99999999999999 -29.999999999999996 219 180
1.4221 0.3203 -45.99999999999999 -29.999999999999996 222 180
1.422 0.2902 -45.99999999999999 -29.999999999999996 225 180
1.4221 0.2613 -45.99999999999999 -29.999999999999996 228 180
1.4223 0.2348 -45.99999999999999 -29.999999999999996 231 180
1.4228 0.2153 -45.99999999999999 -29.999999999999996 234 180
1.191 1.1998 -45.99999999999999 -29.999999999999996 237 180
1.4229 0.1886 -45.99999999999999 -29.999999999999996 240 180
1.4218 0.1731 -45.99999999999999 -29.999999999999996 243 180
1.4209 0.1608 -45.99999999999999 -29.999999999999996 246 180
1.4203 0.1542 -45.99999999999999 -29.999999999999996 249 180
1.4199 0.153 -45.99999999999999 -29.999999999999996 252 180
1.4197 0.1492 -45.99999999999999 -29.999999999999996 255 180
1.4202 0.1369 -45.99999999999999 -29.999999999999996 258 180
1.4209 0.1216 -45.99999999999999 -29.999999999999996 261 180
1.4217 0.1129 -45.99999999999999 -29.999999999999996 264 180
1.4219 0.1156 -45.99999999999999 -29.999999999999996 267 180
1.2062 1.3134 -44.99999999999999 -29.999999999999996 90 180
1.2069 1.3077 -44.99999999999999 -29.999999999999996 93 180
1.2057 1.2985 -44.99999999999999 -29.999999999999996 96 180
1.2025 1.286 -44.99999999999999 -29.999999999999996 99 180
1.1988 1.2732 -44.99999999999999 -29.999999999999996 102 180
1.1955 1.261 -44.99999999999999 -29.999999999999996 105 180
1.1938 1.2499 -44.99999999999999 -29.999999999999996 108 180
1.1937 1.2395 -44.99999999999999 -29.999999999999996 111 180
1.3782 1.2298 -44.99999999999999 -29.999999999999996 114 180
1.3781 1.3819 -44.99999999999999 -29.999999999999996 117 180
1.3777 1.3562 -44.99999999999999 -29.999999999999996 120 180
1.3768 1.3295 -44.99999999999999 -29.999999999999996 123 180
1.3759 1.3024 -44.99999999999999 -29.999999999999996 126 180
1.3745 1.2745 -44.99999999999999 -29.999999999999996 129 180
1.3733 1.2467 -44.99999999999999 -29.999999999999996 132 180
1.3718 1.2189 -44.99999999999999 -29.999999999999996 135 180
1.3705 1.1915 -44.99999999999999 -29.999999999999996 138 180
1.3692 1.1642 -44.99999999999999 -29.999999999999996 141 180
1.368 1.1372 -44.99999999999999 -29.999999999999996 144 180
1.3666 1.1106 -44.99999999999999 -29.999999999999996 147 180
1.3656 1.0841 -44.99999999999999 -29.999999999999996 150 180
1.3644 1.0579 -44.99999999999999 -29.999999999999996 153 180
1.364 1.0321 -44.99999999999999 -29.999999999999996 156 180
1.3639 1.0063 -44.99999999999999 -29.999999999999996 159 180
1.3627 0.9805 -44.99999999999999 -29.999999999999996 162 180
1.3633 0.9536 -44.99999999999999 -29.999999999999996 165 180
1.3659 0.9268 -44.99999999999999 -29.999999999999996 168 180
1.3709 0.8945 -44.99999999999999 -29.999999999999996 171 180
1.3792 0.8558 -44.99999999999999 -29.999999999999996 174 180
1.3854 0.8151 -44.99999999999999 -29.999999999999996 177 180
1.3912 0.7744 -44.99999999999999 -29.999999999999996 180 180
1.392 0.7399 -44.99999999999999 -29.999999999999996 183 180
1.3924 0.7067 -44.99999999999999 -29.999999999999996 186 180
1.3924 0.6743 -44.99999999999999 -29.999999999999996 189 180
1.3923 0.6418 -44.99999999999999 -29.999999999999996 192 180
1.392 0.6095 -44.99999999999999 -29.999999999999996 195 180
1.3922 0.5769 -44.99999999999999 -29.999999999999996 198 180
1.3924 0.5448 -44.99999999999999 -29.999999999999996 201 180
1.3924 0.5128 -44.99999999999999 -29.999999999999996 204 180
1.3923 0.4803 -44.99999999999999 -29.999999999999996 207 180
1.3922 0.4479 -44.99999999999999 -29.999999999999996 210 180
1.3921 0.4159 -44.99999999999999 -29.999999999999996 213 180
1.3921 0.3836 -44.99999999999999 -29.999999999999996 216 180
1.3921 0.3517 -44.99999999999999 -29.999999999999996 219 180
1.392 0.3203 -44.99999999999999 -29.999999999999996 222 180
1.392 0.2895 -44.99999999999999 -29.999999999999996 225 180
1.392 0.2595 -44.99999999999999 -29.999999999999996 228 180
1.3921 0.2316 -44.99999999999999 -29.999999999999996 231 180
1.3927 0.2094 -44.99999999999999 -29.999999999999996 234 180
1.3934 0.1935 -44.99999999999999 -29.999999999999996 237 180
1.3927 0.1745 -44.99999999999999 -29.999999999999996 240 180
1.3916 0.1521 -44.99999999999999 -29.999999999999996 243 180
1.391 0.1335 -44.99999999999999 -29.999999999999996 246 180
1.3906 0.1266 -44.99999999999999 -29.999999999999996 249 180
1.3905 0.1248 -44.99999999999999 -29.999999999999996 252 180
1.3905 0.1182 -44.99999999999999 -29.999999999999996 255 180
1.3909 0.1051 -44.99999999999999 -29.999999999999996 258 180
1.3916 0.0956 -44.99999999999999 -29.999999999999996 261 180
1.3919 0.092 -44.99999999999999 -29.999999999999996 264 180
1.3922 0.0987 -44.99999999999999 -29.999999999999996 267 180
1.2885 1.4476 -44.0 -29.999999999999996 90 180
1.2837 1.4323 -44.0 -29.999999999999996 93 180
1.2846 1.4216 -44.0 -29.999999999999996 96 180
1.3039 1.4333 -44.0 -29.999999999999996 99 180
1.3451 1.4884 -44.0 -29.999999999999996 102 180
1.3506 1.4828 -44.0 -29.999999999999996 105 180
1.3514 1.4636 -44.0 -29.999999999999996 108 180
1.3512 1.4409 -44.0 -29.999999999999996 111 180
1.3507 1.4159 -44.0 -29.999999999999996 114 180
1.35 1.3898 -44.0 -29.999999999999996 117 180
1.3491 1.3633 -44.0 -29.999999999999996 120 180
1.3481 1.3357 -44.0 -29.999999999999996 123 180
1.3467 1.3078 -44.0 -29.999999999999996 126 180
1.3455 1.2802 -44.0 -29.999999999999996 129 180
1.3441 1.2518 -44.0 -29.999999999999996 132 180
1.3425 1.2237 -44.0 -29.999999999999996 135 180
1.3411 1.196 -44.0 -29.999999999999996 138 180
1.3397 1.1685 -44.0 -29.999999999999996 141 180
1.3383 1.1415 -44.0 -29.999999999999996 144 180
1.3371 1.1149 -44.0 -29.999999999999996 147 180
1.3358 1.0884 -44.0 -29.999999999999996 150 180
1.335 1.0623 -44.0 -29.999999999999996 153 180
1.3341 1.0364 -44.0 -29.999999999999996 156 180
1.3342 1.0104 -44.0 -29.999999999999996 159 180
1.3339 0.9848 -44.0 -29.999999999999996 162 180
1.3345 0.9584 -44.0 -29.999999999999996 165 180
1.3356 0.9317 -44.0 -29.999999999999996 168 180
1.3377 0.903 -44.0 -29.999999999999996 171 180
1.3425 0.8695 -44.0 -29.999999999999996 174 180
1.3532 0.8222 -44.0 -29.999999999999996 177 180
1.3612 0.774 -44.0 -29.999999999999996 180 180
1.3615 0.7404 -44.0 -29.999999999999996 183 180
1.3617 0.7077 -44.0 -29.999999999999996 186 180
1.3617 0.6754 -44.0 -29.999999999999996 189 180
1.3005 1.4793 -44.0 -29.999999999999996 192 180
1.3616 0.6111 -44.0 -29.999999999999996 195 180
1.3617 0.5786 -44.0 -29.999999999999996 198 180
1.3617 0.5467 -44.0 -29.999999999999996 201 180
1.3617 0.5145 -44.0 -29.999999999999996 204 180
1.3617 0.4822 -44.0 -29.999999999999996 207 180
1.3616 0.4497 -44.0 -29.999999999999996 210 180
1.3616 0.4175 -44.0 -29.999999999999996 213 180
1.3615 0.3851 -44.0 -29.999999999999996 216 180
1.3614 0.353 -44.0 -29.999999999999996 219 180
1.3614 0.3217 -44.0 -29.999999999999996 222 180
1.3613 0.2906 -44.0 -29.999999999999996 225 180
1.3613 0.26 -44.0 -29.999999999999996 228 180
1.3615 0.2308 -44.0 -29.999999999999996 231 180
1.362 0.2063 -44.0 -29.999999999999996 234 180
1.3626 0.1874 -44.0 -29.999999999999996 237 180
1.3618 0.1632 -44.0 -29.999999999999996 240 180
1.3608 0.1339 -44.0 -29.999999999999996 243 180
1.3607 0.1087 -44.0 -29.999999999999996 246 180
1.3604 0.0987 -44.0 -29.999999999999996 249 180
1.3603 0.095 -44.0 -29.999999999999996 252 180
1.3605 0.0879 -44.0 -29.999999999999996 255 180
1.3607 0.0778 -44.0 -29.999999999999996 258 180
1.3611 0.0735 -44.0 -29.999999999999996 261 180
1.3614 0.0764 -44.0 -29.999999999999996 264 180
1.3616 0.0867 -44.0 -29.999999999999996 267 180
1.2998 1.526 -43.0 -29.999999999999996 90 180
1.3025 1.5114 -43.0 -29.999999999999996 93 180
1.3328 0.8426 -43.0 -29.999999999999996 96 180
1.3187 1.5096 -43.0 -29.999999999999996 99 180
1.3221 1.5052 -43.0 -29.999999999999996 102 180
1.3228 1.4902 -43.0 -29.999999999999996 105 180
1.323 1.4696 -43.0 -29.999999999999996 108 180
1.3227 1.4463 -43.0 -29.999999999999996 111 180
1.3218 1.4209 -43.0 -29.999999999999996 114 180
1.3211 1.3946 -43.0 -29.999999999999996 117 180
1.32 1.3678 -43.0 -29.999999999999996 120 180
1.3187 1.34 -43.0 -29.999999999999996 123 180
1.3176 1.3121 -43.0 -29.999999999999996 126 180
1.3161 1.2841 -43.0 -29.999999999999996 129 180
1.3147 1.2559 -43.0 -29.999999999999996 132 180
1.3132 1.2279 -43.0 -29.999999999999996 135 180
1.3117 1.2004 -43.0 -29.999999999999996 138 180
1.3102 1.1729 -43.0 -29.999999999999996 141 180
1.3088 1.1459 -43.0 -29.999999999999996 144 180
1.3074 1.1193 -43.0 -29.999999999999996 147 180
1.3064 1.093 -43.0 -29.999999999999996 150 180
1.3053 1.0671 -43.0 -29.999999999999996 153 180
1.3048 1.0415 -43.0 -29.999999999999996 156 180
1.3049 1.0156 -43.0 -29.999999999999996 159 180
1.305 0.9899 -43.0 -29.999999999999996 162 180
1.306 0.9635 -43.0 -29.999999999999996 165 180
1.3062 0.9372 -43.0 -29.999999999999996 168 180
1.3076 0.9099 -43.0 -29.999999999999996 171 180
1.3102 0.88 -43.0 -29.999999999999996 174 180
1.3178 0.8374 -43.0 -29.999999999999996 177 180
1.3283 0.7842 -43.0 -29.999999999999996 180 180
1.3315 0.7419 -43.0 -29.999999999999996 183 180
1.3317 0.7094 -43.0 -29.999999999999996 186 180
1.3318 0.6775 -43.0 -29.999999999999996 189 180
1.3315 0.6454 -43.0 -29.999999999999996 192 180
1.3315 0.6132 -43.0 -29.999999999999996 195 180
1.3316 0.5809 -43.0 -29.999999999999996 198 180
1.3317 0.5491 -43.0 -29.999999999999996 201 180
1.3316 0.5171 -43.0 -29.999999999999996 204 180
1.3316 0.4847 -43.0 -29.999999999999996 207 180
1.3316 0.4522 -43.0 -29.999999999999996 210 180
1.3315 0.4199 -43.0 -29.999999999999996 213 180
1.3315 0.3874 -43.0 -29.999999999999996 216 180
1.3314 0.3555 -43.0 -29.999999999999996 219 180
1.3313 0.324 -43.0 -29.999999999999996 222 180
1.3312 0.2928 -43.0 -29.999999999999996 225 180
1.3312 0.2618 -43.0 -29.999999999999996 228 180
1.3312 0.2318 -43.0 -29.999999999999996 231 180
1.3317 0.2056 -43.0 -29.999999999999996 234 180
1.3325 0.1843 -43.0 -29.999999999999996 237 180
1.3316 0.1559 -43.0 -29.999999999999996 240 180
1.331 0.1209 -43.0 -29.999999999999996 243 180
1.3308 0.0935 -43.0 -29.999999999999996 246 180
1.3306 0.0801 -43.0 -29.999999999999996 249 180
1.3304 0.0739 -43.0 -29.999999999999996 252 180
1.3307 0.0639 -43.0 -29.999999999999996 255 180
1.3309 0.0568 -43.0 -29.999999999999996 258 180
1.3312 0.0568 -43.0 -29.999999999999996 261 180
1.3313 0.0644 -43.0 -29.999999999999996 264 180
1.3314 0.0779 -43.0 -29.999999999999996 267 180
1.2768 1.5372 -42.0 -29.999999999999996 90 180
1.2771 1.5185 -42.0 -29.999999999999996 93 180
1.2808 1.5121 -42.0 -29.999999999999996 96 180
1.286 1.5148 -42.0 -29.999999999999996 99 180
1.2877 1.5069 -42.0 -29.999999999999996 102 180
1.2883 1.492 -42.0 -29.999999999999996 105 180
1.2883 1.4725 -42.0 -29.999999999999996 108 180
1.2878 1.4493 -42.0 -29.999999999999996 111 180
1.2872 1.4246 -42.0 -29.999999999999996 114 180
1.2861 1.3985 -42.0 -29.999999999999996 117 180
1.2849 1.3712 -42.0 -29.999999999999996 120 180
1.2833 1.3429 -42.0 -29.999999999999996 123 180
1.282 1.3152 -42.0 -29.999999999999996 126 180
1.296 1.191 -42.0 -29.999999999999996 129 180
1.2956 1.2217 -42.0 -29.999999999999996 132 180
1.2772 1.2316 -42.0 -29.999999999999996 135 180
1.2755 1.2043 -42.0 -29.999999999999996 138 180
1.2735 1.1771 -42.0 -29.999999999999996 141 180
1.2717 1.1507 -42.0 -29.999999999999996 144 180
1.2703 1.1252 -42.0 -29.999999999999996 147 180
1.2697 1.0998 -42.0 -29.999999999999996 150 180
1.2696 1.0744 -42.0 -29.999999999999996 153 180
1.2701 1.0487 -42.0 -29.999999999999996 156 180
1.2707 1.0226 -42.0 -29.999999999999996 159 180
1.2715 0.9962 -42.0 -29.999999999999996 162 180
1.2726 0.9693 -42.0 -29.999999999999996 165 180
1.2737 0.9422 -42.0 -29.999999999999996 168 180
1.2749 0.9145 -42.0 -29.999999999999996 171 180
1.2759 0.8874 -42.0 -29.999999999999996 174 180
1.2774 0.8594 -42.0 -29.999999999999996 177 180
1.2818 0.8205 -42.0 -29.999999999999996 180 180
1.2959 0.7448 -42.0 -29.999999999999996 183 180
1.296 0.7127 -42.0 -29.999999999999996 186 180
1.296 0.6809 -42.0 -29.999999999999996 189 180
1.2959 0.6486 -42.0 -29.999999999999996 192 180
1.2959 0.6166 -42.0 -29.999999999999996 195 180
1.2959 0.5843 -42.0 -29.999999999999996 198 180
1.296 0.5525 -42.0 -29.999999999999996 201 180
1.2959 0.5205 -42.0 -29.999999999999996 204 180
1.2959 0.4883 -42.0 -29.999999999999996 207 180
1.2959 0.4559 -42.0 -29.999999999999996 210 180
1.2946 0.4237 -42.0 -29.999999999999996 213 180
1.2942 0.3916 -42.0 -29.999999999999996 216 180
1.2957 0.3591 -42.0 -29.999999999999996 219 180
1.2956 0.3275 -42.0 -29.999999999999996 222 180
1.2955 0.2962 -42.0 -29.999999999999996 225 180
1.295 0.2652 -42.0 -29.999999999999996 228 180
1.2943 0.2364 -42.0 -29.999999999999996 231 180
1.2936 0.2096 -42.0 -29.999999999999996 234 180
1.2936 0.1879 -42.0 -29.999999999999996 237 180
1.2949 0.1621 -42.0 -29.999999999999996 240 180
1.2943 0.1337 -42.0 -29.999999999999996 243 180
1.2946 0.0898 -42.0 -29.999999999999996 246 180
1.2952 0.067 -42.0 -29.999999999999996 249 180
1.2952 0.0544 -42.0 -29.999999999999996 252 180
1.2953 0.0435 -42.0 -29.999999999999996 255 180
1.2954 0.0393 -42.0 -29.999999999999996 258 180
1.2954 0.0427 -42.0 -29.999999999999996 261 180
1.2956 0.053 -42.0 -29.999999999999996 264 180
1.2957 0.0693 -42.0 -29.999999999999996 267 180
1.2517 1.5405 -40.999999999999986 -29.999999999999996 90 180
1.2512 1.524 -40.999999999999986 -29.999999999999996 93 180
1.2514 1.5036 -40.999999999999986 -29.999999999999996 96 180
1.2465 1.4957 -40.999999999999986 -29.999999999999996 99 180
1.2567 1.4991 -40.999999999999986 -29.999999999999996 102 180
1.2574 1.4865 -40.999999999999986 -29.999999999999996 105 180
1.2577 1.4685 -40.999999999999986 -29.999999999999996 108 180
1.2562 1.4453 -40.999999999999986 -29.999999999999996 111 180
1.2562 1.4231 -40.999999999999986 -29.999999999999996 114 180
1.2553 1.397 -40.999999999999986 -29.999999999999996 117 180
1.254 1.3703 -40.999999999999986 -29.999999999999996 120 180
1.2523 1.3429 -40.999999999999986 -29.999999999999996 123 180
1.2506 1.3153 -40.999999999999986 -29.999999999999996 126 180
1.2453 1.2866 -40.999999999999986 -29.999999999999996 129 180
1.2457 1.2597 -40.999999999999986 -29.999999999999996 132 180
1.2444 1.233 -40.999999999999986 -29.999999999999996 135 180
1.2419 1.206 -40.999999999999986 -29.999999999999996 138 180
1.2356 1.1795 -40.999999999999986 -29.999999999999996 141 180
1.2321 1.1553 -40.999999999999986 -29.999999999999996 144 180
1.2353 1.1318 -40.999999999999986 -29.999999999999996 147 180
1.238 1.1072 -40.999999999999986 -29.999999999999996 150 180
1.2396 1.0817 -40.999999999999986 -29.999999999999996 153 180
1.2336 1.0591 -40.999999999999986 -29.999999999999996 156 180
1.2389 1.0309 -40.999999999999986 -29.999999999999996 159 180
1.2453 1.0007 -40.999999999999986 -29.999999999999996 162 180
1.2471 0.9722 -40.999999999999986 -29.999999999999996 165 180
1.2485 0.9436 -40.999999999999986 -29.999999999999996 168 180
1.2491 0.9171 -40.999999999999986 -29.999999999999996 171 180
1.2461 0.8865 -40.999999999999986 -29.999999999999996 174 180
1.251 0.856 -40.999999999999986 -29.999999999999996 177 180
1.2523 0.8261 -40.999999999999986 -29.999999999999996 180 180
1.2649 0.7476 -40.999999999999986 -29.999999999999996 183 180
1.2655 0.7158 -40.999999999999986 -29.999999999999996 186 180
1.2653 0.6839 -40.999999999999986 -29.999999999999996 189 180
1.2656 0.6518 -40.999999999999986 -29.999999999999996 192 180
1.2658 0.6197 -40.999999999999986 -29.999999999999996 195 180
1.2659 0.5875 -40.999999999999986 -29.999999999999996 198 180
1.2655 0.5557 -40.999999999999986 -29.999999999999996 201 180
1.2657 0.5238 -40.999999999999986 -29.999999999999996 204 180
1.2659 0.4916 -40.999999999999986 -29.999999999999996 207 180
1.2659 0.4592 -40.999999999999986 -29.999999999999996 210 180
1.2658 0.4268 -40.999999999999986 -29.999999999999996 213 180
1.2658 0.3941 -40.999999999999986 -29.999999999999996 216 180
1.2658 0.3621 -40.999999999999986 -29.999999999999996 219 180
1.2656 0.3308 -40.999999999999986 -29.999999999999996 222 180
1.2656 0.2996 -40.999999999999986 -29.999999999999996 225 180
1.2564 1.4308 -40.999999999999986 -29.999999999999996 228 180
1.2656 0.2374 -40.999999999999986 -29.999999999999996 231 180
1.2658 0.2078 -40.999999999999986 -29.999999999999996 234 180
1.2667 0.181 -40.999999999999986 -29.999999999999996 237 180
1.2661 0.1487 -40.999999999999986 -29.999999999999996 240 180
1.2653 0.114 -40.999999999999986 -29.999999999999996 243 180
1.2655 0.0854 -40.999999999999986 -29.999999999999996 246 180
1.2651 0.0658 -40.999999999999986 -29.999999999999996 249 180
1.2634 0.0726 -40.999999999999986 -29.999999999999996 252 180
1.2637 0.0507 -40.999999999999986 -29.999999999999996 255 180
1.2649 0.0394 -40.999999999999986 -29.999999999999996 258 180
1.2653 0.0359 -40.999999999999986 -29.999999999999996 261 180
1.2622 0.0479 -40.999999999999986 -29.999999999999996 264 180
1.2651 0.0654 -40.999999999999986 -29.999999999999996 267 180
1.2348 1.7434 -39.99999999999999 -29.999999999999996 90 180
1.1538 1.4397 -39.99999999999999 -29.999999999999996 93 180
1.2159 1.5124 -39.99999999999999 -29.999999999999996 96 180
1.2231 1.5105 -39.99999999999999 -29.999999999999996 99 180
1.2217 1.4894 -39.99999999999999 -29.999999999999996 102 180
1.2212 1.4708 -39.99999999999999 -29.999999999999996 105 180
1.2209 1.4531 -39.99999999999999 -29.999999999999996 108 180
1.2203 1.4331 -39.99999999999999 -29.999999999999996 111 180
1.2188 1.4099 -39.99999999999999 -29.999999999999996 114 180
1.2162 1.3843 -39.99999999999999 -29.999999999999996 117 180
1.213 1.3573 -39.99999999999999 -29.999999999999996 120 180
1.2101 1.3317 -39.99999999999999 -29.999999999999996 123 180
1.2061 1.3053 -39.99999999999999 -29.999999999999996 126 180
1.2035 1.2811 -39.99999999999999 -29.999999999999996 129 180
1.2021 1.2583 -39.99999999999999 -29.999999999999996 132 180
1.2029 1.2361 -39.99999999999999 -29.999999999999996 135 180
1.2024 1.2122 -39.99999999999999 -29.999999999999996 138 180
1.1984 1.1878 -39.99999999999999 -29.999999999999996 141 180
1.1909 1.1671 -39.99999999999999 -29.999999999999996 144 180
1.1954 1.1469 -39.99999999999999 -29.999999999999996 147 180
1.2357 1.3995 -39.99999999999999 -29.999999999999996 150 180
1.2095 1.0942 -39.99999999999999 -29.999999999999996 153 180
1.213 1.0664 -39.99999999999999 -29.999999999999996 156 180
1.2162 1.0375 -39.99999999999999 -29.999999999999996 159 180
1.2186 1.008 -39.99999999999999 -29.999999999999996 162 180
1.2214 0.9768 -39.99999999999999 -29.999999999999996 165 180
1.2231 0.9461 -39.99999999999999 -29.999999999999996 168 180
1.225 0.9144 -39.99999999999999 -29.999999999999996 171 180
1.2265 0.8824 -39.99999999999999 -29.999999999999996 174 180
1.2278 0.8506 -39.99999999999999 -29.999999999999996 177 180
1.2289 0.8182 -39.99999999999999 -29.999999999999996 180 180
1.2348 0.7562 -39.99999999999999 -29.999999999999996 183 180
1.235 0.7243 -39.99999999999999 -29.999999999999996 186 180
1.235 0.6925 -39.99999999999999 -29.999999999999996 189 180
1.2351 0.6604 -39.99999999999999 -29.999999999999996 192 180
1.2349 0.6283 -39.99999999999999 -29.999999999999996 195 180
1.2348 0.5962 -39.99999999999999 -29.999999999999996 198 180
1.2349 0.5641 -39.99999999999999 -29.999999999999996 201 180
1.2349 0.5323 -39.99999999999999 -29.999999999999996 204 180
1.235 0.5004 -39.99999999999999 -29.999999999999996 207 180
1.235 0.4682 -39.99999999999999 -29.999999999999996 210 180
1.235 0.4353 -39.99999999999999 -29.999999999999996 213 180
1.2202 1.4978 -39.99999999999999 -29.999999999999996 216 180
1.2347 0.3708 -39.99999999999999 -29.999999999999996 219 180
1.2346 0.3389 -39.99999999999999 -29.999999999999996 222 180
1.2344 0.3075 -39.99999999999999 -29.999999999999996 225 180
1.2193 1.4192 -39.99999999999999 -29.999999999999996 228 180
1.2345 0.2512 -39.99999999999999 -29.999999999999996 231 180
1.2323 0.2274 -39.99999999999999 -29.999999999999996 234 180
1.2357 0.1859 -39.99999999999999 -29.999999999999996 237 180
1.2357 0.1544 -39.99999999999999 -29.999999999999996 240 180
1.2348 0.1241 -39.99999999999999 -29.999999999999996 243 180
1.2349 0.0909 -39.99999999999999 -29.999999999999996 246 180
1.2317 0.1488 -39.99999999999999 -29.999999999999996 249 180
1.2322 0.1447 -39.99999999999999 -29.999999999999996 252 180
1.2315 0.0998 -39.99999999999999 -29.999999999999996 255 180
1.2346 0.031 -39.99999999999999 -29.999999999999996 258 180
1.2346 0.0303 -39.99999999999999 -29.999999999999996 261 180
1.2345 0.0384 -39.99999999999999 -29.999999999999996 264 180
1.2346 0.0587 -39.99999999999999 -29.999999999999996 267 180
1.2038 1.7416 -38.99999999999999 -29.999999999999996 90 180
1.2031 1.7031 -38.99999999999999 -29.999999999999996 93 180
1.2012 1.6774 -38.99999999999999 -29.999999999999996 96 180
1.1942 1.5487 -38.99999999999999 -29.999999999999996 99 180
1.1811 1.465 -38.99999999999999 -29.999999999999996 102 180
1.1748 1.4835 -38.99999999999999 -29.999999999999996 105 180
1.1895 1.4551 -38.99999999999999 -29.999999999999996 108 180
1.1872 1.4302 -38.99999999999999 -29.999999999999996 111 180
1.1846 1.4057 -38.99999999999999 -29.999999999999996 114 180
1.1819 1.3823 -38.99999999999999 -29.999999999999996 117 180
1.1793 1.3591 -38.99999999999999 -29.999999999999996 120 180
1.1767 1.3362 -38.99999999999999 -29.999999999999996 123 180
1.1728 1.3135 -38.99999999999999 -29.999999999999996 126 180
1.1718 1.2913 -38.99999999999999 -29.999999999999996 129 180
1.1691 1.2689 -38.99999999999999 -29.999999999999996 132 180
1.1673 1.2455 -38.99999999999999 -29.999999999999996 135 180
1.1644 1.2255 -38.99999999999999 -29.999999999999996 138 180
1.1616 1.2104 -38.99999999999999 -29.999999999999996 141 180
1.1509 1.2004 -38.99999999999999 -29.999999999999996 144 180
1.1548 1.1663 -38.99999999999999 -29.999999999999996 147 180
1.1753 1.1336 -38.99999999999999 -29.999999999999996 150 180
1.1808 1.1047 -38.99999999999999 -29.999999999999996 153 180
1.1863 1.074 -38.99999999999999 -29.999999999999996 156 180
1.1905 1.0421 -38.99999999999999 -29.999999999999996 159 180
1.1938 1.0096 -38.99999999999999 -29.999999999999996 162 180
1.1961 0.9769 -38.99999999999999 -29.999999999999996 165 180
1.1979 0.9439 -38.99999999999999 -29.999999999999996 168 180
1.1991 0.9114 -38.99999999999999 -29.999999999999996 171 180
1.2001 0.8787 -38.99999999999999 -29.999999999999996 174 180
1.201 0.8462 -38.99999999999999 -29.999999999999996 177 180
1.2016 0.8137 -38.99999999999999 -29.999999999999996 180 180
1.2024 0.7804 -38.99999999999999 -29.999999999999996 183 180
1.2048 0.728 -38.99999999999999 -29.999999999999996 186 180
1.2048 0.6959 -38.99999999999999 -29.999999999999996 189 180
1.2049 0.6641 -38.99999999999999 -29.999999999999996 192 180
1.2048 0.6319 -38.99999999999999 -29.999999999999996 195 180
1.2047 0.5998 -38.99999999999999 -29.999999999999996 198 180
1.2046 0.5678 -38.99999999999999 -29.999999999999996 201 180
1.2048 0.536 -38.99999999999999 -29.999999999999996 204 180
1.2048 0.5042 -38.99999999999999 -29.999999999999996 207 180
1.2048 0.4718 -38.99999999999999 -29.999999999999996 210 180
1.205 0.4395 -38.99999999999999 -29.999999999999996 213 180
1.2047 0.4068 -38.99999999999999 -29.999999999999996 216 180
1.2045 0.3743 -38.99999999999999 -29.999999999999996 219 180
1.2047 0.3425 -38.99999999999999 -29.999999999999996 222 180
1.2046 0.3114 -38.99999999999999 -29.999999999999996 225 180
1.2046 0.2803 -38.99999999999999 -29.999999999999996 228 180
1.2047 0.2488 -38.99999999999999 -29.999999999999996 231 180
1.2048 0.218 -38.99999999999999 -29.999999999999996 234 180
1.2054 0.1887 -38.99999999999999 -29.999999999999996 237 180
1.2057 0.1564 -38.99999999999999 -29.999999999999996 240 180
1.2047 0.1234 -38.99999999999999 -29.999999999999996 243 180
1.2047 0.094 -38.99999999999999 -29.999999999999996 246 180
1.2047 0.0661 -38.99999999999999 -29.999999999999996 249 180
1.2047 0.0443 -38.99999999999999 -29.999999999999996 252 180
1.2047 0.0309 -38.99999999999999 -29.999999999999996 255 180
1.2046 0.026 -38.99999999999999 -29.999999999999996 258 180
1.2045 0.0268 -38.99999999999999 -29.999999999999996 261 180
1.2045 0.0338 -38.99999999999999 -29.999999999999996 264 180
1.2045 0.0497 -38.99999999999999 -29.999999999999996 267 180
1.175 1.7533 -37.99999999999999 -29.999999999999996 90 180
1.1747 1.7221 -37.99999999999999 -29.999999999999996 93 180
1.1745 1.6903 -37.99999999999999 -29.999999999999996 96 180
1.1738 1.6489 -37.99999999999999 -29.999999999999996 99 180
1.1726 1.5809 -37.99999999999999 -29.999999999999996 102 180
1.1693 1.5188 -37.99999999999999 -29.999999999999996 105 180
1.1662 1.4867 -37.99999999999999 -29.999999999999996 108 180
1.1629 1.4602 -37.99999999999999 -29.999999999999996 111 180
1.1594 1.435 -37.99999999999999 -29.999999999999996 114 180
1.1757 1.0424 -37.99999999999999 -29.999999999999996 117 180
1.1524 1.3851 -37.99999999999999 -29.999999999999996 120 180
1.1485 1.3616 -37.99999999999999 -29.999999999999996 123 180
1.1432 1.3444 -37.99999999999999 -29.999999999999996 126 180
1.1374 1.3328 -37.99999999999999 -29.999999999999996 129 180
1.1337 1.3203 -37.99999999999999 -29.999999999999996 132 180
1.1321 1.3035 -37.99999999999999 -29.999999999999996 135 180
1.1324 1.2821 -37.99999999999999 -29.999999999999996 138 180
1.1335 1.2578 -37.99999999999999 -29.999999999999996 141 180
1.1359 1.2305 -37.99999999999999 -29.999999999999996 144 180
1.1398 1.198 -37.99999999999999 -29.999999999999996 147 180
1.1458 1.1609 -37.99999999999999 -29.999999999999996 150 180
1.1531 1.1207 -37.99999999999999 -29.999999999999996 153 180
1.175 1.0517 -37.99999999999999 -29.999999999999996 156 180
1.1749 1.4894 -37.99999999999999 -29.999999999999996 159 180
1.1683 1.0104 -37.99999999999999 -29.999999999999996 162 180
1.1701 0.9763 -37.99999999999999 -29.999999999999996 165 180
1.175 0.923 -37.99999999999999 -29.999999999999996 168 180
1.175 0.9092 -37.99999999999999 -29.999999999999996 171 180
1.1726 0.8768 -37.99999999999999 -29.999999999999996 174 180
1.1731 0.8439 -37.99999999999999 -29.999999999999996 177 180
1.1735 0.8112 -37.99999999999999 -29.999999999999996 180 180
1.1749 0.7634 -37.99999999999999 -29.999999999999996 183 180
1.1749 0.7318 -37.99999999999999 -29.999999999999996 186 180
1.1749 0.6998 -37.99999999999999 -29.999999999999996 189 180
1.175 0.6677 -37.99999999999999 -29.999999999999996 192 180
1.1748 0.6355 -37.99999999999999 -29.999999999999996 195 180
1.1747 0.6033 -37.99999999999999 -29.999999999999996 198 180
1.1747 0.5714 -37.99999999999999 -29.999999999999996 201 180
1.1748 0.5397 -37.99999999999999 -29.999999999999996 204 180
1.1748 0.5077 -37.99999999999999 -29.999999999999996 207 180
1.1749 0.4754 -37.99999999999999 -29.999999999999996 210 180
1.175 0.4431 -37.99999999999999 -29.999999999999996 213 180
1.1749 0.4107 -37.99999999999999 -29.999999999999996 216 180
1.1749 0.3782 -37.99999999999999 -29.999999999999996 219 180
1.1747 0.3466 -37.99999999999999 -29.999999999999996 222 180
1.1747 0.3151 -37.99999999999999 -29.999999999999996 225 180
1.1748 0.2841 -37.99999999999999 -29.999999999999996 228 180
1.1748 0.2525 -37.99999999999999 -29.999999999999996 231 180
1.1748 0.2214 -37.99999999999999 -29.999999999999996 234 180
1.1754 0.1913 -37.99999999999999 -29.999999999999996 237 180
1.1757 0.1588 -37.99999999999999 -29.999999999999996 240 180
1.175 0.1268 -37.99999999999999 -29.999999999999996 243 180
1.1749 0.0967 -37.99999999999999 -29.999999999999996 246 180
1.1748 0.0683 -37.99999999999999 -29.999999999999996 249 180
1.1747 0.0492 -37.99999999999999 -29.999999999999996 252 180
1.1735 0.0371 -37.99999999999999 -29.999999999999996 255 180
1.1745 0.0246 -37.99999999999999 -29.999999999999996 258 180
1.1746 0.0247 -37.99999999999999 -29.999999999999996 261 180
1.1744 0.0339 -37.99999999999999 -29.999999999999996 264 180
1.1456 1.1407 -37.99999999999999 -29.999999999999996 267 180
1.1447 1.7559 -37.0 -29.999999999999996 90 180
1.1445 1.7245 -37.0 -29.999999999999996 93 180
1.1436 1.6924 -37.0 -29.999999999999996 96 180
1.1436 1.66 -37.0 -29.999999999999996 99 180
1.143 1.6226 -37.0 -29.999999999999996 102 180
1.1427 1.5772 -37.0 -29.999999999999996 105 180
1.1374 1.51 -37.0 -29.999999999999996 108 180
1.1302 1.4961 -37.0 -29.999999999999996 111 180
1.1288 1.4721 -37.0 -29.999999999999996 114 180
1.1222 1.453 -37.0 -29.999999999999996 117 180
1.1163 1.437 -37.0 -29.999999999999996 120 180
1.1124 1.4205 -37.0 -29.999999999999996 123 180
1.1103 1.402 -37.0 -29.999999999999996 126 180
1.1091 1.3816 -37.0 -29.999999999999996 129 180
1.1089 1.3595 -37.0 -29.999999999999996 132 180
1.1092 1.3352 -37.0 -29.999999999999996 135 180
1.1101 1.3089 -37.0 -29.999999999999996 138 180
1.1115 1.281 -37.0 -29.999999999999996 141 180
1.1133 1.251 -37.0 -29.999999999999996 144 180
1.1161 1.217 -37.0 -29.999999999999996 147 180
1.1198 1.18 -37.0 -29.999999999999996 150 180
1.1235 1.1425 -37.0 -29.999999999999996 153 180
1.1291 1.0985 -37.0 -29.999999999999996 156 180
1.1353 1.0529 -37.0 -29.999999999999996 159 180
1.1447 0.9893 -37.0 -29.999999999999996 162 180
1.1418 0.9753 -37.0 -29.999999999999996 165 180
1.1447 0.9252 -37.0 -29.999999999999996 168 180
1.1446 0.8931 -37.0 -29.999999999999996 171 180
1.1437 0.8745 -37.0 -29.999999999999996 174 180
1.1442 0.8292 -37.0 -29.999999999999996 177 180
1.1445 0.7973 -37.0 -29.999999999999996 180 180
1.1445 0.7655 -37.0 -29.999999999999996 183 180
1.1445 0.7337 -37.0 -29.999999999999996 186 180
1.1445 0.702 -37.0 -29.999999999999996 189 180
1.1445 0.67 -37.0 -29.999999999999996 192 180
1.1445 0.6378 -37.0 -29.999999999999996 195 180
1.1444 0.6053 -37.0 -29.999999999999996 198 180
1.1444 0.5735 -37.0 -29.999999999999996 201 180
1.1444 0.5418 -37.0 -29.999999999999996 204 180
1.1445 1.7372 -37.0 -29.999999999999996 207 180
1.1445 0.4776 -37.0 -29.999999999999996 210 180
1.1445 0.4455 -37.0 -29.999999999999996 213 180
1.1446 0.4128 -37.0 -29.999999999999996 216 180
1.1447 0.3804 -37.0 -29.999999999999996 219 180
1.1446 0.3484 -37.0 -29.999999999999996 222 180
1.1371 1.5064 -37.0 -29.999999999999996 225 180
1.1445 0.2862 -37.0 -29.999999999999996 228 180
1.1447 0.2546 -37.0 -29.999999999999996 231 180
1.1446 0.2233 -37.0 -29.999999999999996 234 180
1.1451 0.193 -37.0 -29.999999999999996 237 180
1.1454 0.1604 -37.0 -29.999999999999996 240 180
1.1445 0.1288 -37.0 -29.999999999999996 243 180
1.1446 0.0985 -37.0 -29.999999999999996 246 180
1.1445 0.0695 -37.0 -29.999999999999996 249 180
1.1444 0.0449 -37.0 -29.999999999999996 252 180
1.1446 0.0294 -37.0 -29.999999999999996 255 180
1.1444 0.0234 -37.0 -29.999999999999996 258 180
1.1443 0.0232 -37.0 -29.999999999999996 261 180
1.1442 0.0286 -37.0 -29.999999999999996 264 180
1.1427 0.0755 -37.0 -29.999999999999996 267 180
1.1156 1.7577 -35.99999999999999 -29.999999999999996 90 180
1.1151 1.7263 -35.99999999999999 -29.999999999999996 93 180
1.1148 1.6944 -35.99999999999999 -29.999999999999996 96 180
1.114 1.6614 -35.99999999999999 -29.999999999999996 99 180
1.1126 1.6256 -35.99999999999999 -29.999999999999996 102 180
1.1086 1.5755 -35.99999999999999 -29.999999999999996 105 180
1.1116 1.547 -35.99999999999999 -29.999999999999996 108 180
1.1078 1.5276 -35.99999999999999 -29.999999999999996 111 180
1.1018 1.504 -35.99999999999999 -29.999999999999996 114 180
1.0951 1.4852 -35.99999999999999 -29.999999999999996 117 180
1.0925 1.4638 -35.99999999999999 -29.999999999999996 120 180
1.0916 1.4399 -35.99999999999999 -29.999999999999996 123 180
1.0911 1.4142 -35.99999999999999 -29.999999999999996 126 180
1.0908 1.389 -35.99999999999999 -29.999999999999996 129 180
1.0875 1.365 -35.99999999999999 -29.999999999999996 132 180
1.0892 1.3391 -35.99999999999999 -29.999999999999996 135 180
1.0894 1.3113 -35.99999999999999 -29.999999999999996 138 180
1.1152 1.2807 -35.99999999999999 -29.999999999999996 141 180
1.1153 1.1829 -35.99999999999999 -29.999999999999996 144 180
1.0949 1.2179 -35.99999999999999 -29.999999999999996 147 180
1.096 1.1858 -35.99999999999999 -29.999999999999996 150 180
1.1157 1.4213 -35.99999999999999 -29.999999999999996 153 180
1.1154 1.0552 -35.99999999999999 -29.999999999999996 156 180
